# nodes min max
1 0 0
2 1632 1632
3 2231 2231
3 2233 2233
3 2233 2234
4 2232 2233
4 2234 2234
4 2234 2235
5 2258 2258
6 2259 2259
6 2260 2260
6 2260 2260
7 2310 2311
8 2840 2841
8 3344 3346
9 4607 4607
9 34630 34630
9 49637 49637
10 5238 5238
10 10251 10251
11 5239 5239
11 10254 10254
12 5248 5248
12 5248 5249
12 5314 5314
12 5314 5314
12 5314 5315
12 5315 5316
12 5316 5316
12 5316 5316
12 5316 5318
12 5318 5318
12 5529 5529
12 5529 5529
12 5530 5530
12 5530 5530
12 5530 5530
12 5531 5531
12 10850 10850
12 10850 10851
12 11730 11730
12 11730 11730
12 11730 11731
12 11731 11731
12 11731 11732
12 11732 11732
12 11732 11732
12 16804 16804
12 16804 16805
12 16805 16805
12 16805 16805
12 16806 16806
12 16806 16806
12 23139 23139
12 23139 23139
12 23140 23140
12 23140 23140
12 23140 23141
12 23141 23141
12 23141 23141
12 27467 27467
12 27468 27468
12 27468 27468
12 27468 27469
12 27469 27469
12 27469 27469
12 46633 46635
12 46635 46635
12 46635 46636
12 46636 46636
12 46636 46636
12 46636 46637
12 46637 46637
13 5251 5252
13 10254 10254
14 5316 5317
14 5316 5318
14 5378 5378
14 12259 12261
14 12259 12263
14 12259 12264
14 12259 12264
14 12266 12266
14 17175 17177
14 17175 17179
14 17182 17182
14 25216 25219
14 25216 25220
14 25222 25222
14 35999 36000
14 35999 36002
14 35999 36004
14 36005 36006
14 46837 46841
14 46838 46843
14 48728 48728
15 5316 5318
15 10254 10254
16 5319 5319
16 5319 5319
16 5319 5320
16 12264 12264
16 12264 12264
16 12264 12265
16 17180 17180
16 17180 17181
16 17180 17181
16 25220 25221
16 25220 25221
16 25220 25221
16 36004 36004
16 36004 36004
16 36004 36005
16 46844 46844
16 46844 46844
16 46844 46845
17 5379 5380
17 5380 5380
17 5380 5380
17 5380 5380
17 5380 5381
17 5585 5586
17 5586 5586
17 10254 10254
17 10254 10254
17 10254 10254
17 15262 15262
17 15263 15263
17 15263 15263
17 15263 15263
18 5589 5590
18 5590 5590
18 5591 5592
18 5612 5612
19 5613 5614
20 5615 5616
20 5616 5616
20 5616 5616
20 5617 5617
20 5619 5619
20 5619 5619
21 5901 5901
21 5902 5902
21 5902 5902
21 5905 5905
21 5905 5905
22 5950 5950
22 5950 5950
22 5951 5951
22 6001 6001
22 6001 6001
23 5951 5952
23 5952 5953
23 5955 5955
23 5998 5998
23 5998 5998
24 5952 5952
24 5953 5953
24 5955 5956
24 5998 5998
24 5998 5998
25 5954 5954
25 5957 5957
25 5998 5998
25 5998 5998
26 5956 5957
26 5958 5959
26 5958 5959
26 5961 5961
26 5998 5998
26 5998 5998
27 5958 5958
27 5959 5960
27 5959 5960
27 5961 5961
27 5998 5998
27 5998 5999
28 5960 5960
28 5962 5962
28 5962 5962
28 5999 5999
28 5999 5999
29 5961 5962
29 5963 5964
29 5966 5967
29 5999 5999
29 5999 5999
30 5962 5962
30 5964 5964
30 5964 5965
30 5967 5967
30 5999 5999
30 5999 5999
31 5963 5963
31 5965 5965
31 5968 5968
31 5999 5999
31 5999 5999
32 5966 5966
32 5969 5969
32 5972 5972
32 5999 5999
32 5999 5999
33 5967 5967
33 5969 5970
33 5972 5973
33 5999 5999
33 5999 5999
34 5968 5968
34 5971 5971
34 5974 5975
34 6000 6000
34 6000 6000
35 5970 5971
35 5974 5974
35 5979 5980
35 6002 6002
35 6002 6002
36 5973 5973
36 5976 5977
36 5976 5977
36 5982 5982
36 6002 6002
36 6002 6002
37 5973 5973
37 5977 5978
37 5978 5978
37 5982 5983
37 6000 6000
37 6000 6000
38 5975 5975
38 5980 5980
38 5980 5980
38 5985 5986
38 6000 6000
38 6000 6000
39 5976 5976
39 5981 5981
39 5981 5981
39 5986 5986
39 6000 6000
39 6000 6000
40 5979 5979
40 5983 5984
40 5990 5990
40 6000 6000
40 6000 6000
41 5980 5980
41 5985 5985
41 5991 5991
41 6000 6001
41 6001 6001
42 5983 5983
42 5989 5989
42 5989 5989
42 5994 5995
42 6001 6001
42 6001 6001
43 5987 5987
43 5992 5992
43 5992 5992
43 5995 5995
43 6001 6001
43 6001 6001
44 5987 5988
44 5992 5993
44 5995 5995
44 6001 6001
44 6001 6001
45 5988 5988
45 5993 5994
45 5995 5996
45 6001 6002
45 6002 6002
46 6597 6598
46 6598 6598
46 6599 6599
46 6599 6599
47 7364 7367
47 7373 7375
47 8173 8174
47 8174 8174
47 8448 8449
47 8450 8451
47 13934 13934
47 23547 23547
47 35829 35830
48 7375 7375
48 13935 13935
48 35830 35830
49 7618 7622
49 7622 7624
49 7622 7624
49 7658 7658
49 7658 7658
50 7625 7629
50 7631 7632
50 7631 7634
50 7658 7658
50 7658 7658
51 7629 7631
51 7638 7641
51 7638 7641
51 7658 7658
51 7658 7658
52 7642 7644
52 7644 7647
52 7647 7653
52 7653 7657
52 7658 7658
53 7940 7941
53 7942 7942
53 11166 11166
53 11166 11166
53 11701 11701
53 11703 11703
53 12266 12267
53 12267 12267
53 13372 13372
53 13373 13373
53 13899 13900
53 13900 13900
53 13900 13901
53 13902 13902
53 13902 13903
53 13903 13903
53 13903 13903
53 16773 16773
53 16773 16774
53 16774 16774
53 16774 16774
53 16775 16775
53 17182 17183
53 17183 17183
53 17183 17184
53 17184 17184
53 17185 17185
53 18736 18736
53 18736 18736
53 18736 18737
53 18737 18737
53 18738 18738
53 23166 23166
53 23166 23166
53 23166 23167
53 23167 23167
53 23167 23168
53 23493 23494
53 23494 23494
53 23494 23494
53 23495 23495
53 23496 23496
53 25222 25223
53 25223 25223
53 25223 25223
53 25224 25224
53 25224 25224
53 27402 27404
53 27404 27404
53 27404 27404
53 27405 27405
53 27405 27405
53 27775 27775
53 27775 27775
53 27775 27776
53 27776 27776
53 27776 27776
53 30460 30460
53 30461 30461
53 30461 30461
53 30461 30461
53 30461 30462
53 30462 30462
53 36006 36006
53 36006 36007
53 36007 36007
53 36007 36007
53 36007 36008
53 36354 36356
53 36356 36356
53 36357 36357
53 36357 36357
53 36357 36358
53 37637 37639
53 37639 37639
53 37639 37640
53 37640 37640
53 37640 37641
53 37993 37994
53 37994 37994
53 37994 37994
53 37995 37995
53 37995 37995
53 46845 46845
53 46846 46846
53 46846 46846
53 46846 46847
53 46847 46847
53 50095 50096
53 50097 50097
53 50097 50097
53 50098 50098
53 50098 50098
54 8064 8066
54 8066 8066
54 8066 8066
54 8068 8068
54 8068 8068
55 8067 8067
55 8067 8067
55 8067 8068
55 8068 8068
55 8068 8068
56 8152 8152
56 8153 8153
56 8155 8156
56 8157 8157
56 8157 8157
57 8163 8163
57 8164 8164
57 8164 8164
57 8165 8165
57 8166 8166
57 8166 8166
58 8359 8360
58 8361 8361
58 8361 8362
58 8363 8364
59 8479 8479
59 8479 8480
59 8482 8482
59 8482 8482
60 8510 8510
60 8510 8510
61 8512 8512
61 8512 8513
62 8744 8747
62 8747 8747
62 8749 8750
62 8750 8750
63 8748 8748
63 8748 8749
63 8750 8750
63 8750 8750
64 8784 8787
64 8787 8787
64 8789 8790
64 8789 8790
65 8788 8788
65 8789 8789
65 8790 8790
65 8790 8790
66 8795 8796
66 8796 8796
66 8798 8798
66 8798 8798
67 8797 8797
67 8797 8798
67 8799 8799
67 8799 8799
68 8845 8845
68 8845 8846
68 8850 8850
68 8850 8851
69 8848 8849
69 8849 8849
69 8851 8851
69 8851 8851
70 8899 8899
70 8899 8899
70 8902 8902
70 8902 8902
71 8900 8901
71 8901 8901
71 8902 8902
71 8902 8902
72 8906 8906
72 8906 8906
72 8907 8907
72 8907 8907
73 8918 8919
73 8919 8919
73 8921 8921
73 8921 8921
74 8920 8920
74 8920 8921
74 8922 8922
74 8922 8922
75 8923 8923
75 8923 8923
75 8924 8924
75 8924 8924
76 8941 8941
76 8941 8941
76 8942 8943
76 8942 8943
77 8961 8961
77 8961 8962
77 8962 8962
77 8962 8962
78 8973 8973
78 8973 8974
78 8974 8975
78 8975 8975
79 9033 9034
79 9034 9034
79 9035 9035
79 9035 9035
79 13301 13301
79 13301 13301
79 16555 16556
79 16555 16556
80 9075 9075
80 9075 9075
81 9641 9642
81 9642 9643
82 9698 9698
82 9698 9698
82 9699 9699
82 9701 9701
83 10031 10031
83 10031 10032
83 10032 10033
83 10034 10034
84 10114 10114
84 10114 10114
84 10114 10115
84 10115 10116
84 10115 10116
85 10138 10138
85 10138 10139
85 10138 10139
85 10139 10139
85 10139 10140
86 10143 10143
86 10143 10143
86 10143 10143
86 10146 10146
86 10146 10147
87 10144 10144
87 10144 10144
87 10144 10144
87 10147 10147
87 10147 10147
88 10145 10145
88 10145 10146
88 10145 10146
88 10147 10148
88 10148 10148
89 10235 10235
89 10235 10235
89 10235 10235
89 10236 10236
89 10238 10238
89 10238 10238
90 10237 10237
90 10237 10237
90 10238 10239
90 10239 10239
91 10244 10244
91 10244 10245
91 10244 10245
91 10254 10255
91 10255 10255
92 10246 10246
92 10247 10247
92 10246 10247
92 10251 10251
92 10255 10255
92 10255 10255
93 10291 10291
93 10291 10292
93 10295 10295
93 10295 10295
93 15263 15263
93 15263 15263
94 10329 10329
94 10329 10330
94 10329 10330
94 10331 10331
94 10334 10334
94 10334 10334
95 10330 10331
95 10332 10332
95 10332 10332
95 10333 10333
95 10334 10334
95 10334 10334
96 10331 10332
96 10332 10333
96 10332 10333
96 10334 10334
96 10334 10335
97 10349 10349
97 10349 10350
98 10364 10364
98 10364 10364
99 10372 10373
99 10373 10373
100 10373 10373
100 10373 10373
101 10379 10379
101 10379 10379
102 10386 10386
102 10386 10386
103 10421 10421
103 10421 10421
104 10484 10484
104 10484 10484
105 10530 10531
105 10531 10531
105 10531 10531
105 10532 10532
105 10532 10532
106 10556 10556
106 10556 10557
106 10556 10557
106 10557 10558
106 10558 10558
106 10558 10558
107 10580 10580
107 10580 10580
108 10610 10610
108 10611 10611
108 10651 10651
108 10651 10651
109 10635 10635
109 10635 10635
110 10637 10637
110 10637 10637
111 10638 10638
111 10638 10638
112 10639 10639
112 10639 10639
113 10640 10640
113 10640 10640
114 10641 10641
114 10641 10641
115 10642 10642
115 10642 10642
116 10650 10651
116 10651 10651
117 10653 10653
117 10653 10653
118 10657 10657
118 10657 10657
119 10658 10658
119 10658 10658
120 10660 10661
120 10661 10661
121 10663 10663
121 10663 10663
122 10664 10664
122 10664 10664
123 10665 10665
123 10666 10666
124 10671 10671
124 10671 10672
124 10671 10672
124 10672 10673
125 10672 10672
125 10673 10673
125 10675 10675
126 10674 10674
126 10676 10676
127 10674 10675
127 10676 10677
127 10676 10677
128 10675 10675
128 10678 10678
128 10678 10678
129 10677 10677
129 10716 10716
129 10716 10716
130 10713 10713
130 10713 10713
131 10714 10714
131 10714 10714
132 10714 10714
132 10714 10714
133 10714 10714
133 10714 10714
134 10714 10715
134 10714 10715
135 10715 10715
135 10715 10715
136 10715 10715
136 10715 10715
137 10715 10715
137 10715 10715
138 10715 10715
138 10715 10716
139 10716 10716
139 10716 10716
140 10716 10716
140 10716 10716
141 10716 10716
141 10716 10717
142 10717 10717
142 10717 10717
143 10717 10717
143 10717 10717
144 10717 10717
145 10717 10717
145 10717 10718
146 10718 10718
146 10718 10718
147 10718 10718
147 10718 10718
148 10718 10718
148 10718 10719
149 10719 10719
149 10719 10719
150 10719 10719
150 10719 10719
151 10719 10719
151 10719 10719
152 10719 10719
152 10719 10720
153 10720 10720
153 10720 10720
154 10720 10720
154 10720 10720
155 10720 10720
155 10720 10720
156 10780 10780
156 10780 10780
156 10783 10783
156 10783 10784
157 10781 10781
157 10782 10782
157 10784 10784
157 10784 10784
158 10781 10782
158 10782 10782
158 10784 10784
158 10784 10784
159 10820 10820
159 10820 10820
159 10821 10821
159 10822 10822
159 10822 10822
160 10917 10918
160 10918 10918
160 10919 10919
160 10919 10919
161 10923 10923
161 16678 16678
161 33043 33045
161 33045 33045
161 33045 33046
161 41208 41209
161 41209 41209
161 52238 52239
161 52239 52240
162 10934 10934
162 10934 10934
162 10935 10935
162 10935 10935
163 10936 10936
163 10936 10937
163 10937 10937
163 10937 10938
164 10953 10954
164 10954 10954
164 10955 10955
164 10955 10955
165 10971 10971
165 10971 10971
166 10995 10999
166 10999 11003
166 11006 11006
166 11006 11006
167 11005 11005
167 11005 11005
167 11007 11007
167 11007 11007
168 11034 11035
168 11035 11035
168 11036 11036
168 11036 11036
169 11064 11065
169 11065 11065
169 11067 11067
169 11067 11067
170 11066 11066
170 11066 11066
170 11067 11068
170 11068 11068
171 11072 11072
171 11072 11072
172 11090 11090
172 11090 11090
172 11091 11091
172 11091 11091
173 11499 11499
173 11499 11499
174 11499 11499
174 11499 11500
175 11730 11730
176 11744 11744
176 11744 11744
177 11842 11842
177 11842 11842
178 11866 11866
178 11867 11867
179 11905 11905
180 11973 11973
180 11973 11973
181 11987 11987
181 11987 11987
182 12145 12145
182 12146 12146
183 12149 12150
183 12150 12150
184 12213 12213
184 12213 12213
185 12224 12224
185 12224 12224
186 12240 12240
186 12240 12240
187 12272 12273
187 12273 12273
188 12284 12284
188 12284 12284
189 12354 12354
189 12354 12354
190 12384 12384
190 12384 12384
191 12405 12406
191 12406 12406
192 12419 12419
192 12419 12419
193 12475 12476
193 12476 12476
194 12477 12477
194 12477 12477
195 12480 12481
195 12480 12481
196 12481 12481
196 12481 12481
197 12483 12484
197 12484 12484
198 12484 12484
198 12484 12484
199 12487 12487
199 12487 12487
200 12516 12516
200 12516 12516
201 12538 12539
201 12539 12539
202 12556 12556
202 12556 12556
203 12572 12572
203 12572 12572
204 12573 12573
204 12573 12573
205 12586 12586
205 12586 12586
206 12615 12615
206 12615 12615
207 12621 12621
207 12621 12621
208 12629 12629
208 12629 12629
209 12649 12649
209 12649 12649
210 12653 12653
210 12653 12653
211 12664 12664
211 12664 12665
212 12667 12667
212 12667 12667
213 12727 12727
213 12727 12727
214 12733 12733
214 12733 12733
215 12752 12752
215 12752 12752
216 12777 12777
216 12777 12778
217 12784 12784
217 12784 12784
218 12861 12861
219 12873 12873
220 12873 12873
221 12878 12878
221 12878 12878
222 12885 12886
222 12886 12886
223 12890 12890
223 12890 12890
224 12890 12890
224 12890 12890
225 12892 12893
225 12893 12893
226 12893 12893
226 12893 12893
227 12893 12893
227 12893 12893
228 12895 12895
228 12895 12895
229 12909 12909
229 12909 12909
230 12910 12910
230 12910 12910
231 12915 12916
231 12916 12916
232 12916 12916
232 12916 12916
233 12918 12919
233 12919 12919
234 12926 12926
234 12926 12926
235 12932 12932
235 12932 12932
236 12933 12933
236 12933 12933
237 12936 12937
237 12937 12937
238 12937 12937
238 12937 12938
239 12939 12939
239 12939 12939
240 12949 12950
240 12950 12950
241 12958 12958
241 12958 12958
242 12958 12958
242 12958 12958
243 12960 12961
243 12961 12961
244 12967 12967
244 12967 12967
245 12970 12970
245 12970 12970
246 12972 12972
246 12972 12972
247 12974 12974
247 12974 12974
248 12996 12996
248 12996 12996
249 12998 12998
249 12998 12999
250 12999 12999
250 12999 12999
251 13086 13086
251 13086 13086
252 13099 13099
252 13099 13099
253 13100 13100
253 13100 13100
254 13100 13100
254 13100 13100
255 13205 13205
255 13205 13205
256 13218 13218
256 13218 13218
257 13295 13296
257 13295 13296
258 13321 13321
258 13321 13321
259 13335 13335
259 13335 13336
260 13446 13446
260 13446 13447
261 13453 13453
261 13453 13453
262 13454 13454
262 13454 13454
263 13610 13612
263 13611 13612
264 13611 13612
264 13611 13612
265 13617 13617
265 13617 13617
266 13619 13619
266 13619 13619
267 13660 13660
267 13660 13660
268 13702 13702
268 13702 13703
268 14048 14048
268 14048 14048
269 13722 13722
269 13722 13722
269 14112 14112
269 14112 14113
270 13738 13739
270 13739 13739
271 13742 13742
271 13742 13742
272 13781 13781
272 13781 13781
273 13801 13801
273 13801 13801
274 13901 13902
275 13995 13995
275 13995 13995
276 13999 13999
276 13999 13999
277 14003 14003
277 14003 14003
278 14004 14004
278 14004 14005
279 14006 14006
279 14006 14006
280 14007 14007
280 14007 14007
281 14008 14008
281 14008 14008
282 14010 14010
282 14010 14010
283 14022 14022
284 14022 14022
284 14022 14022
285 14023 14023
286 14024 14024
287 14025 14025
288 14025 14025
289 14025 14026
290 14026 14026
291 14027 14027
292 14027 14027
292 14027 14027
293 14027 14027
294 14028 14028
294 14028 14028
295 14030 14030
296 14031 14032
297 14037 14038
298 14038 14038
299 14044 14044
300 14046 14046
301 14047 14047
302 14058 14058
302 14058 14058
303 14064 14064
303 14064 14064
304 14066 14066
304 14066 14067
305 14067 14067
305 14067 14068
306 14068 14068
306 14068 14068
307 14070 14070
307 14070 14070
308 14071 14071
308 14071 14071
309 14074 14074
309 14074 14074
310 14087 14088
310 14088 14088
311 14089 14089
311 14089 14089
312 14092 14092
312 14092 14092
313 14093 14093
313 14093 14093
314 14095 14095
314 14095 14095
315 14099 14099
315 14099 14099
316 14101 14102
316 14102 14102
317 14102 14102
317 14102 14103
318 14104 14104
318 14104 14104
319 14106 14106
319 14106 14106
320 14107 14107
320 14107 14107
321 14107 14107
321 14107 14107
322 14107 14107
322 14107 14108
323 14108 14108
323 14108 14108
324 14108 14108
324 14108 14108
325 14133 14134
325 14134 14134
326 14135 14135
326 14135 14135
327 14136 14136
327 14136 14136
328 14137 14137
328 14137 14138
329 14138 14138
329 14138 14138
330 14139 14139
330 14139 14139
331 14140 14140
331 14140 14140
332 14140 14140
332 14140 14140
333 14143 14144
333 14144 14144
334 14145 14145
334 14145 14145
335 14146 14146
335 14146 14146
336 14146 14147
336 14147 14147
337 14147 14147
337 14147 14148
338 14148 14148
338 14148 14148
339 14148 14148
339 14148 14149
340 14150 14150
340 14150 14150
341 14150 14150
341 14150 14150
342 14150 14150
342 14150 14151
343 14150 14151
343 14151 14151
344 14152 14152
344 14152 14153
345 14289 14289
345 14289 14289
346 14294 14294
346 14294 14294
347 14299 14299
347 14299 14299
348 14303 14303
348 14303 14303
349 14311 14311
349 14311 14311
350 14323 14323
350 14323 14323
351 14366 14367
351 14367 14367
352 14371 14372
352 14372 14372
353 14373 14373
353 14373 14374
354 14468 14468
354 14469 14469
355 14514 14515
355 14515 14515
356 14515 14515
356 14515 14515
357 14731 14731
357 14731 14731
358 14878 14878
358 14878 14878
359 15024 15025
359 15024 15025
360 15095 15095
360 15095 15095
361 15222 15224
361 15222 15224
362 15263 15263
362 15331 15331
362 15331 15331
363 15494 15494
363 15494 15495
364 15630 15630
364 15630 15630
365 15661 15661
365 15661 15661
366 15698 15698
366 15698 15698
367 15828 15828
367 15828 15828
368 16805 16805
369 16829 16829
369 16829 16829
370 16920 16920
370 16920 16921
371 16936 16936
371 16936 16936
372 16943 16943
372 16943 16944
373 16953 16953
373 16953 16953
374 16960 16960
374 16960 16960
375 16982 16982
375 16982 16982
376 17008 17008
376 17008 17008
377 17017 17017
377 17017 17017
378 17062 17062
378 17062 17062
379 17101 17101
379 17101 17102
380 17142 17142
380 17142 17142
381 17149 17149
381 17150 17150
382 17158 17158
382 17158 17158
383 17181 17181
383 17181 17182
384 17190 17190
384 17190 17190
385 17199 17199
385 17199 17199
386 17209 17210
386 17210 17210
387 17220 17220
387 17220 17220
388 17223 17224
388 17224 17224
389 17261 17261
389 17261 17262
390 17269 17269
390 17270 17270
391 17271 17271
391 17271 17271
392 17273 17273
392 17273 17273
393 17274 17274
393 17274 17274
394 17275 17275
394 17275 17275
395 17278 17278
395 17278 17278
396 17283 17283
396 17283 17283
397 17283 17283
397 17283 17283
398 17287 17287
398 17287 17287
399 17289 17289
399 17289 17289
400 17289 17289
400 17289 17289
401 17290 17290
401 17290 17290
402 17290 17291
402 17291 17291
403 17292 17292
403 17292 17292
404 17292 17292
404 17292 17292
405 17292 17292
405 17292 17293
406 17292 17293
406 17293 17293
407 17296 17296
407 17296 17297
408 17297 17298
408 17298 17298
409 17298 17299
409 17299 17299
410 17299 17299
410 17299 17299
411 17311 17311
411 17311 17312
412 17324 17324
412 17324 17324
413 17360 17360
413 17360 17360
414 17432 17432
414 17432 17432
415 17487 17487
415 17487 17487
416 17623 17623
416 17623 17624
416 18755 18755
416 18755 18756
417 17644 17644
417 17645 17645
417 18818 18818
417 18818 18819
418 17669 17669
418 17669 17669
419 17708 17708
419 17708 17708
420 17710 17710
420 17710 17710
421 17711 17711
421 17711 17711
422 17750 17750
422 17750 17750
423 17753 17753
423 17753 17753
424 17753 17753
424 17753 17753
425 17755 17755
425 17755 17755
426 17756 17756
426 17756 17756
427 17757 17757
427 17757 17757
428 17757 17758
428 17758 17758
429 17758 17758
429 17758 17758
430 17758 17758
430 17758 17759
431 17759 17759
431 17759 17759
432 17759 17759
432 17759 17759
433 17760 17760
433 17760 17760
434 17762 17762
434 17762 17762
435 17762 17762
435 17762 17762
436 17763 17763
436 17763 17763
437 17764 17764
437 17764 17764
438 17764 17765
438 17765 17765
439 17765 17765
439 17765 17765
440 17767 17767
440 17767 17767
441 17767 17767
441 17767 17767
442 17768 17768
442 17768 17768
443 17769 17769
444 17769 17769
444 17770 17770
445 17770 17770
445 17770 17770
446 17770 17771
447 17771 17771
447 17771 17771
448 17771 17771
448 17771 17771
449 17771 17771
449 17771 17771
450 17771 17772
451 17772 17772
452 17772 17772
453 17774 17774
454 17780 17780
455 17780 17780
456 17781 17781
457 17781 17781
458 17781 17782
459 17785 17785
460 17785 17786
461 17793 17793
462 17821 17821
462 17821 17822
462 17821 17822
462 17822 17822
463 17878 17878
463 17878 17878
464 17884 17884
464 17884 17885
465 17893 17893
465 17893 17893
466 17899 17899
466 17899 17899
467 17916 17916
467 17916 17916
468 17943 17943
468 17943 17943
469 17963 17963
469 17963 17963
470 17966 17966
470 17966 17966
471 17972 17973
471 17973 17973
472 17977 17977
472 17977 17977
473 17980 17980
473 17980 17980
474 17981 17981
474 17981 17982
475 17982 17982
475 17982 17982
476 17983 17983
476 17983 17983
477 17983 17984
477 17984 17984
478 17984 17984
478 17984 17984
479 17987 17988
479 17988 17988
480 17988 17988
480 17988 17989
481 18023 18023
481 18023 18023
482 18048 18048
482 18048 18048
483 18055 18055
483 18055 18056
484 18511 18513
484 18512 18513
485 18567 18567
485 18567 18567
486 18568 18568
486 18568 18568
487 18727 18727
487 18727 18727
488 18891 18892
489 18893 18893
490 18898 18898
491 19617 19618
492 20736 20736
492 20736 20736
493 20837 20837
493 20837 20837
494 20924 20924
495 20945 20945
495 20945 20946
496 21188 21189
496 21189 21189
497 21329 21330
497 21329 21330
498 21421 21421
498 21421 21421
499 21878 21879
499 21878 21879
500 23139 23139
501 23188 23189
501 23189 23189
502 23296 23296
502 23296 23297
503 23305 23306
503 23305 23306
504 23314 23314
504 23314 23314
505 23317 23317
505 23317 23317
506 23327 23327
506 23327 23328
507 23336 23336
507 23336 23336
508 23385 23385
508 23385 23385
509 23436 23436
509 23436 23436
510 23443 23444
510 23444 23444
511 23462 23462
511 23462 23462
512 23467 23467
512 23467 23467
513 23475 23475
513 23475 23475
514 23499 23499
514 23500 23500
515 23500 23500
515 23500 23501
516 23538 23538
516 23538 23538
517 23538 23538
517 23538 23539
518 23539 23539
518 23539 23539
519 23541 23541
519 23541 23541
520 23543 23543
520 23543 23543
521 23544 23544
521 23544 23544
522 23546 23546
522 23546 23546
523 23548 23549
523 23549 23549
524 23550 23550
524 23550 23550
525 23551 23551
525 23551 23551
526 23552 23552
526 23552 23552
527 23554 23554
527 23554 23554
528 23555 23555
528 23555 23555
529 23556 23556
529 23556 23556
530 23556 23556
530 23556 23556
531 23557 23557
531 23557 23557
532 23557 23558
532 23558 23558
533 23558 23558
533 23558 23559
534 23563 23563
534 23563 23563
535 23564 23564
535 23564 23564
536 23574 23574
536 23574 23574
537 23576 23576
537 23576 23576
538 23577 23577
538 23577 23577
539 23581 23582
539 23582 23583
540 23628 23629
540 23629 23629
541 23651 23651
541 23651 23652
542 23667 23667
542 23667 23667
543 23742 23742
543 23742 23742
544 23816 23816
544 23816 23816
545 23869 23869
545 23869 23869
545 25258 25258
545 25258 25258
546 23892 23892
546 23892 23893
546 25326 25326
546 25326 25326
547 23920 23920
547 23920 23920
548 23944 23944
548 23944 23944
549 23967 23968
550 23994 23994
550 23994 23994
551 23995 23995
551 23995 23995
552 23997 23997
552 23997 23997
553 23998 23998
553 23998 23998
554 23999 23999
554 23999 23999
555 24000 24001
555 24000 24001
556 24027 24028
556 24028 24028
557 24029 24029
557 24029 24029
558 24029 24029
558 24029 24030
559 24030 24030
559 24030 24031
560 24031 24031
560 24031 24031
561 24031 24031
561 24031 24031
562 24032 24032
562 24032 24033
563 24033 24033
563 24033 24033
564 24035 24035
564 24035 24035
565 24036 24036
565 24036 24036
566 24037 24037
566 24037 24037
567 24039 24039
567 24039 24039
568 24040 24040
568 24040 24040
569 24041 24041
569 24041 24041
570 24046 24046
570 24046 24046
571 24049 24049
571 24049 24049
572 24052 24052
572 24052 24052
573 24052 24052
573 24052 24053
574 24074 24074
574 24074 24074
575 24082 24082
575 24082 24082
576 24084 24084
576 24085 24085
577 24085 24085
577 24085 24085
578 24086 24086
578 24086 24086
579 24088 24088
579 24088 24088
580 24089 24089
580 24089 24089
581 24089 24089
581 24089 24089
582 24089 24089
582 24089 24089
583 24090 24090
583 24090 24090
584 24090 24090
584 24090 24090
585 24090 24090
585 24091 24091
586 24091 24091
586 24091 24091
587 24091 24091
587 24091 24091
588 24091 24091
588 24091 24091
589 24092 24092
589 24092 24092
590 24092 24092
590 24092 24092
591 24092 24092
591 24093 24093
592 24093 24093
592 24093 24093
593 24093 24093
593 24093 24093
594 24093 24093
594 24093 24093
595 24093 24094
595 24094 24094
596 24094 24094
596 24094 24094
597 24094 24094
597 24094 24094
598 24094 24094
598 24094 24094
599 24094 24095
599 24095 24095
600 24095 24095
601 24095 24095
602 24095 24095
602 24095 24095
603 24095 24095
604 24095 24095
605 24095 24095
606 24095 24096
607 24096 24096
608 24096 24096
609 24096 24096
610 24096 24096
611 24096 24096
612 24134 24134
612 24134 24135
613 24141 24141
613 24141 24141
614 24206 24206
614 24206 24206
615 24251 24251
615 24251 24251
616 24257 24257
616 24257 24257
617 24282 24282
617 24282 24282
618 24282 24282
618 24282 24282
619 25152 25153
619 25152 25153
620 25196 25196
620 25196 25196
621 25304 25305
622 25345 25345
623 25663 25663
623 25663 25663
624 25835 25835
624 25836 25836
625 26049 26050
625 26050 26050
626 26147 26147
626 26147 26147
627 26260 26261
627 26261 26261
628 26412 26412
628 26412 26412
629 26531 26531
629 26531 26531
630 26625 26625
630 26625 26625
631 27468 27468
632 27476 27477
632 27477 27477
633 27532 27532
633 27532 27532
634 27586 27586
634 27586 27586
635 27596 27596
635 27596 27596
636 27604 27604
636 27604 27604
636 27604 27604
637 27609 27609
637 27609 27610
638 27638 27638
638 27638 27638
639 27638 27638
639 27638 27638
640 27656 27656
640 27656 27657
641 27657 27658
641 27658 27658
642 27659 27660
642 27660 27660
643 27661 27661
643 27661 27661
644 27670 27670
644 27671 27671
645 27672 27672
645 27672 27672
646 27672 27672
646 27672 27672
647 27679 27679
647 27679 27679
648 27680 27681
648 27681 27681
649 27686 27686
649 27686 27686
650 27686 27686
650 27686 27687
651 27688 27688
651 27688 27688
652 27688 27688
652 27688 27689
653 27696 27696
653 27696 27696
654 27697 27697
654 27697 27698
655 27698 27698
655 27698 27698
656 27698 27698
656 27698 27698
657 27701 27701
657 27701 27701
658 27701 27701
658 27701 27701
659 27701 27702
659 27702 27702
660 27702 27702
660 27702 27702
661 27703 27703
661 27703 27703
662 27703 27703
662 27703 27704
663 27708 27708
663 27708 27708
664 27708 27708
664 27708 27708
665 27708 27709
665 27709 27709
666 27714 27715
666 27715 27715
667 27716 27717
667 27717 27717
668 27717 27718
668 27718 27718
669 27719 27719
669 27719 27719
670 27720 27720
670 27720 27720
671 27720 27720
671 27720 27721
672 27721 27721
672 27721 27721
673 27732 27732
673 27732 27733
674 27750 27751
674 27751 27751
675 27751 27751
675 27751 27751
676 27752 27752
676 27752 27752
677 27752 27752
677 27752 27752
678 27802 27802
678 27802 27802
679 27802 27802
679 27802 27802
680 27820 27820
680 27820 27821
681 27834 27834
681 27834 27834
682 27835 27836
682 27836 27836
682 27837 27837
682 27837 27837
683 27859 27859
683 27860 27860
683 27861 27861
683 27861 27861
684 27897 27898
684 27898 27898
684 27899 27899
684 27899 27900
685 27926 27926
685 27926 27926
686 27926 27927
686 27927 27927
687 27927 27927
687 27927 27927
688 27927 27928
688 27928 27928
689 27928 27928
689 27928 27928
690 27974 27974
690 27974 27974
691 28044 28045
691 28045 28045
691 30481 30481
691 30481 30482
691 36423 36423
691 36423 36423
691 37943 37943
691 37943 37943
692 28057 28057
692 28057 28057
692 30546 30546
692 30546 30547
692 36490 36491
692 36490 36491
692 38007 38007
692 38007 38007
693 28086 28086
693 28086 28086
694 28131 28131
694 28131 28131
695 28137 28137
695 28137 28137
696 28162 28162
697 28194 28194
697 28194 28194
698 28196 28197
698 28197 28197
699 28197 28197
699 28197 28197
700 28198 28198
700 28198 28198
701 28198 28198
701 28198 28198
702 28198 28199
702 28199 28199
703 28224 28224
703 28224 28224
704 28227 28227
704 28227 28227
705 28233 28233
705 28233 28233
706 28234 28234
706 28235 28235
707 28235 28236
707 28236 28236
708 28236 28236
708 28236 28236
709 28237 28237
709 28237 28237
710 28238 28238
710 28238 28238
711 28239 28239
711 28239 28239
712 28241 28242
712 28242 28242
713 28242 28242
713 28242 28242
714 28245 28245
714 28245 28245
715 28246 28247
715 28247 28247
716 28247 28247
716 28247 28247
717 28249 28249
717 28249 28249
718 28250 28250
719 28250 28250
719 28250 28250
720 28251 28251
720 41426 41428
721 28252 28252
721 28252 28252
722 28254 28254
722 28254 28255
723 28256 28256
723 28256 28256
724 28541 28542
724 28542 28542
724 28543 28543
724 28543 28543
725 28554 28554
725 28554 28554
726 28555 28556
726 28556 28556
727 28556 28556
727 28556 28556
728 28557 28558
728 28558 28558
729 28565 28565
729 28565 28565
730 28568 28568
730 28568 28569
731 28569 28569
731 28569 28569
732 28571 28571
732 28571 28571
733 28579 28579
733 28579 28579
734 28582 28582
734 28582 28582
735 28620 28620
735 28620 28620
736 28620 28620
736 28620 28620
737 29479 29479
737 29479 29479
738 30372 30372
738 30372 30373
739 30410 30410
739 30410 30410
740 30510 30510
741 30513 30513
742 33046 33046
742 33046 33046
743 35754 35756
743 35754 35756
744 36093 36093
744 36093 36093
745 36376 36376
745 36376 36376
746 36518 36518
746 36518 36518
747 36563 36563
748 36563 36563
749 36564 36565
750 36571 36571
751 36647 36648
751 36647 36648
752 36677 36677
752 36677 36680
753 37417 37418
753 37417 37419
754 37443 37443
754 37443 37443
755 37665 37666
755 37666 37666
756 37706 37706
756 37706 37706
757 37753 37753
757 37753 37753
758 37753 37753
758 37753 37753
759 37753 37753
759 37753 37753
760 37801 37801
760 37801 37801
760 37877 37877
760 37877 37877
761 37825 37825
761 37825 37825
761 37879 37879
761 37879 37879
762 37828 37828
762 37828 37828
763 37851 37852
763 37852 37852
764 37857 37857
764 37857 37857
765 37901 37901
765 37901 37901
766 37904 37904
766 37904 37904
767 37904 37904
767 37905 37905
768 37926 37926
769 37926 37926
770 38281 38282
771 40275 40276
771 40275 40276
772 40338 40338
772 40338 40338
773 40395 40395
773 40395 40395
774 40504 40506
774 40504 40506
775 40537 40537
775 40537 40537
776 40537 40537
776 40537 40537
777 40677 40678
777 40677 40678
778 40705 40706
778 40706 40706
779 40858 40859
779 40858 40859
780 40858 40859
780 40858 40859
781 41426 41428
782 43356 43357
783 43789 43790
783 43789 43790
784 43875 43875
785 44015 44017
785 44015 44017
786 44172 44174
786 44172 44174
787 44255 44256
787 44255 44256
788 44509 44510
788 44509 44510
789 44519 44519
789 44519 44519
790 44651 44652
790 44651 44652
791 44745 44745
791 44745 44745
792 44748 44748
792 44748 44748
793 44851 44852
793 44851 44852
794 44934 44934
795 44992 44993
795 44993 44993
796 45048 45049
796 45049 45049
797 45057 45057
797 45057 45057
798 45276 45277
798 45276 45277
799 45464 45465
799 45464 45465
800 45654 45655
800 45654 45655
801 46634 46635
802 48716 48718
802 48716 48718
803 48771 48771
803 48771 48771
804 49219 49221
804 49219 49221
805 49335 49337
805 49335 49337
806 49343 49343
806 49343 49343
807 49344 49344
807 49344 49344
808 49346 49346
808 49346 49346
809 49346 49346
809 49346 49346
810 49369 49369
810 49369 49369
811 49370 49370
811 49370 49370
812 49371 49371
812 49371 49371
813 49371 49372
813 49372 49372
814 49397 49398
814 49398 49398
815 49399 49400
815 49400 49400
816 49402 49402
816 49402 49402
817 49402 49402
817 49403 49403
818 49403 49403
818 49403 49403
819 49405 49405
819 49405 49405
820 49405 49405
820 49405 49405
821 49405 49406
821 49406 49406
822 49406 49406
822 49406 49407
823 49407 49407
823 49407 49407
824 49408 49408
824 49408 49408
825 49409 49409
825 49409 49409
826 49409 49409
826 49409 49409
827 49410 49410
827 49410 49410
828 49410 49411
828 49411 49411
829 49431 49432
829 49432 49432
830 49435 49435
830 49435 49435
831 49436 49436
831 49436 49436
832 49437 49437
832 49437 49437
833 49441 49441
833 49441 49441
834 49441 49441
834 49441 49442
835 49443 49443
835 49443 49444
836 49444 49444
836 49444 49444
837 49445 49445
837 49445 49445
838 49445 49445
838 49445 49446
839 49448 49448
839 49448 49448
840 49449 49449
840 49449 49450
841 49450 49450
841 49450 49450
842 49452 49452
842 49452 49452
843 49483 49483
843 49483 49483
844 49553 49553
844 49553 49553
845 49630 49630
845 49630 49630
846 49822 49823
846 49822 49823
847 49842 49842
847 49842 49843
848 49854 49855
848 49855 49855
849 49858 49858
849 49858 49858
850 49858 49858
850 49858 49858
851 49866 49866
851 49866 49867
852 49867 49867
852 49867 49867
853 49867 49867
853 49867 49868
854 49868 49868
854 49868 49868
855 49873 49873
855 49873 49873
856 49875 49876
856 49876 49876
857 49944 49944
857 49944 49944
858 50124 50124
858 50124 50124
859 50184 50184
859 50184 50184
860 50197 50198
860 50198 50198
861 50224 50224
861 50224 50224
862 50459 50459
862 50459 50459
863 50714 50715
863 50715 50715
