# nodes min max
1 0 0
1 1 1
1 1 1
1 1 1
1 1 2
1 2 2
1 2 2
1 2 2
1 1388 1389
1 1389 1389
1 1389 1389
1 1683 1685
1 1687 1687
1 6409 6410
1 6409 6410
1 6409 6410
1 12577 12578
1 12578 12578
1 12578 12579
1 12578 12579
1 16153 16155
1 16156 16156
1 16156 16156
1 16156 16156
1 21184 21185
1 21184 21185
1 21184 21186
1 25371 25372
1 25371 25372
1 25371 25372
1 33187 33187
1 33188 33188
1 33188 33188
1 33188 33188
1 35154 35155
1 35154 35155
1 35154 35155
1 39310 39310
1 39311 39311
1 39311 39311
1 39311 39311
1 45542 45543
1 45542 45543
1 45542 45543
1 48008 48008
1 48008 48008
1 48008 48008
1 53007 53008
1 53007 53008
1 53007 53008
2 17 18
2 19 20
2 20 21
2 21 21
2 22 22
2 23 23
2 4839 4840
2 4840 4840
2 4841 4842
2 4842 4843
2 4844 4844
2 4845 4845
2 5246 5248
2 7043 7044
2 7044 7044
2 11403 11403
2 11403 11403
2 11403 11404
2 11404 11404
2 19719 19721
2 19721 19722
2 40089 40091
2 44197 44199
2 44212 44212
2 50881 50881
3 1384 1384
3 6408 6410
3 12579 12579
3 21184 21185
3 33188 33188
3 39311 39311
3 45542 45543
3 53007 53008
4 1563 1563
4 1563 1563
4 1564 1564
4 1564 1564
4 1565 1565
4 1565 1566
4 1566 1566
4 1567 1567
4 1567 1567
4 1568 1568
4 1568 1568
4 1569 1569
5 1731 1731
5 1731 1732
5 1731 1732
5 1732 1733
5 1736 1736
5 1736 1736
6 1792 1792
6 1792 1792
6 1792 1792
6 1794 1794
6 1794 1794
6 39308 39308
6 39308 39308
6 39308 39308
6 39311 39312
6 39311 39312
7 1875 1876
7 1876 1876
7 1876 1876
7 1877 1878
7 1890 1890
7 1890 1890
8 1878 1879
8 1879 1879
8 1879 1879
8 1883 1883
8 1890 1890
8 1890 1891
9 1880 1880
9 1881 1881
9 1881 1881
9 1882 1883
9 1889 1889
9 1889 1889
10 1884 1884
10 1885 1885
10 1885 1885
10 1891 1891
10 1891 1891
11 1884 1884
11 1886 1886
11 1886 1886
11 1888 1888
11 1891 1891
11 1891 1891
12 1885 1885
12 1887 1887
12 1887 1887
12 1888 1889
12 1891 1891
12 1891 1891
13 1957 1957
13 1966 1966
13 1966 1966
13 1970 1970
13 1979 1979
13 1979 1979
14 1958 1958
14 1958 1959
14 1958 1959
14 1978 1978
14 1978 1978
15 1960 1960
15 1960 1960
15 1960 1960
15 1961 1962
15 1978 1978
15 1978 1978
16 1961 1961
16 1962 1962
16 1962 1962
16 1962 1963
16 1978 1978
16 1978 1978
17 1963 1963
17 1963 1964
17 1964 1964
17 1978 1978
17 1978 1978
18 1964 1965
18 1965 1965
18 1965 1965
18 1965 1966
18 1978 1978
18 1978 1978
19 1967 1967
19 1967 1967
19 1967 1967
19 1978 1978
19 1978 1978
20 1968 1968
20 1970 1970
20 1970 1970
20 1974 1974
20 1979 1979
20 1979 1979
21 1968 1969
21 1971 1971
21 1971 1971
21 1974 1975
21 1979 1979
21 1979 1979
22 1969 1969
22 1971 1972
22 1971 1972
22 1975 1975
22 1979 1979
22 1979 1979
23 1969 1969
23 1972 1972
23 1972 1972
23 1976 1976
23 1979 1979
23 1979 1979
24 1969 1969
24 1973 1973
24 1973 1973
24 1976 1976
24 1979 1979
24 1979 1979
25 1970 1970
25 1973 1973
25 1973 1973
25 1976 1977
25 1979 1979
25 1979 1980
26 2021 2021
26 2021 2022
26 2022 2023
26 2024 2024
26 2029 2030
27 2024 2025
27 2025 2026
27 2025 2026
27 2031 2031
27 2031 2031
28 2025 2025
28 2026 2027
28 2026 2027
28 2031 2031
28 2031 2031
29 2028 2028
29 2028 2029
29 2028 2029
29 2031 2032
29 2031 2032
30 2032 2033
30 2033 2033
30 2033 2033
30 2266 2268
30 2266 2268
31 2034 2034
31 2036 2036
31 2036 2036
31 2084 2084
31 2084 2084
32 2034 2034
32 2037 2038
32 2038 2038
32 2084 2085
32 2085 2085
33 2035 2035
33 2039 2039
33 2039 2039
33 2085 2085
33 2085 2085
34 2035 2035
34 2040 2040
34 2040 2040
34 2085 2085
34 2085 2085
35 2035 2035
35 2041 2042
35 2041 2042
35 2085 2085
35 2085 2085
36 2036 2036
36 2042 2043
36 2042 2043
36 2087 2087
36 2087 2087
37 2037 2037
37 2043 2044
37 2043 2044
37 2088 2088
37 2088 2089
38 2038 2039
38 2044 2044
38 2044 2045
38 2093 2093
38 2093 2093
39 2158 2159
39 2159 2159
39 39311 39311
39 39312 39312
39 39312 39312
40 2505 2507
40 2507 2507
40 2507 2507
40 2508 2508
40 2508 2508
41 2608 2609
41 2609 2610
41 2609 2610
41 2610 2611
41 2615 2615
41 2615 2616
42 2610 2610
42 2611 2611
42 2611 2611
42 2612 2612
42 2615 2616
42 2616 2616
43 2613 2613
43 2613 2613
43 2613 2613
43 2614 2614
43 2616 2616
43 2616 2616
44 2752 2752
44 2752 2752
45 2754 2754
45 2754 2754
46 2824 2824
46 2825 2825
46 2825 2825
46 2834 2834
46 2834 2834
47 2826 2826
47 2828 2828
47 2828 2829
47 2834 2834
47 2834 2834
48 2826 2826
48 2829 2829
48 2829 2829
48 2834 2834
48 2834 2834
49 2830 2830
49 2831 2831
49 2831 2831
49 2834 2835
49 2834 2835
49 2903 2903
49 2903 2903
49 38545 38545
49 38545 38545
49 38620 38620
49 38620 38620
49 41612 41613
49 41612 41613
49 41642 41645
49 41643 41645
49 42131 42131
49 42131 42131
49 45112 45112
49 45112 45112
50 2830 2831
50 2832 2832
50 2832 2832
50 2834 2835
50 2834 2835
51 2831 2831
51 2833 2833
51 2833 2833
51 2835 2835
51 2835 2835
51 2903 2903
51 2903 2903
52 2878 2878
52 2879 2879
52 2879 2879
52 2881 2881
52 2881 2881
53 2879 2880
53 2880 2880
53 2880 2880
53 2881 2881
53 2882 2882
53 2882 2882
54 2955 2955
54 2955 2955
55 2957 2957
55 2957 2957
56 2984 2984
56 2984 2984
57 3072 3072
57 3072 3072
58 3073 3073
58 3073 3073
59 3258 3259
59 3259 3259
59 3259 3260
59 3282 3282
59 3282 3282
60 3261 3261
60 3262 3262
60 3262 3262
60 3263 3263
60 3282 3282
60 3282 3282
61 3264 3264
61 3265 3265
61 3265 3265
61 3267 3267
61 3285 3285
61 3285 3285
62 3266 3266
62 3268 3268
62 3268 3268
62 3274 3275
62 3284 3284
62 3284 3284
63 3269 3270
63 3270 3270
63 3270 3270
63 3271 3272
63 3282 3282
63 3282 3282
64 3273 3274
64 3277 3277
64 3277 3278
64 3279 3280
64 3284 3284
64 3284 3284
65 3276 3276
65 3278 3279
65 3278 3279
65 3280 3280
65 3284 3284
65 3284 3284
66 3285 3285
67 3285 3285
68 3422 3424
68 6409 6410
69 3459 3459
69 3459 3459
69 3459 3459
69 3460 3461
69 3460 3461
70 3471 3471
70 3472 3472
70 3472 3472
70 3473 3473
70 3481 3481
70 3481 3481
71 3472 3473
71 3473 3473
71 3473 3473
71 3474 3474
71 3481 3481
71 3481 3482
72 3475 3475
72 3475 3475
72 3475 3475
72 3481 3481
72 3481 3481
73 3476 3476
73 3477 3477
73 3477 3477
73 3479 3479
73 3482 3482
73 3482 3482
74 3476 3476
74 3477 3478
74 3478 3478
74 3479 3480
74 3482 3482
74 3482 3482
75 3476 3477
75 3478 3478
75 3478 3478
75 3480 3481
75 3482 3482
75 3482 3482
76 3484 3484
76 3484 3484
76 3484 3485
76 3486 3486
76 3489 3489
76 3489 3489
76 3731 3732
76 3731 3732
76 3792 3792
76 3792 3792
76 3792 3793
77 3485 3485
77 3486 3487
77 3486 3487
77 3489 3489
77 3489 3489
77 3742 3742
77 3742 3742
78 3486 3486
78 3487 3487
78 3487 3487
78 3489 3489
78 3489 3490
78 3749 3749
78 3749 3749
79 3488 3488
79 3488 3488
79 3488 3488
79 3490 3490
79 3490 3490
79 3758 3759
79 3758 3759
80 3800 3800
80 3801 3801
80 3801 3801
80 3802 3803
80 3803 3803
81 3831 3831
81 3831 3831
82 4002 4002
82 4002 4002
83 4056 4056
83 4056 4056
84 4059 4059
85 4212 4213
85 4212 4213
86 4267 4267
86 4267 4267
87 4273 4274
88 4319 4319
88 4319 4319
89 4510 4510
89 4510 4511
90 4531 4531
90 4531 4532
91 4582 4583
91 4583 4583
92 4584 4585
93 5252 5252
93 5253 5253
94 5301 5302
95 5312 5312
96 5366 5366
96 5366 5366
97 5374 5374
97 5374 5374
98 5428 5428
99 5772 5772
99 20783 20783
99 35793 35793
99 50805 50806
100 6409 6410
100 6944 6945
100 6944 6945
101 6601 6603
101 20420 20422
101 32251 32253
101 32253 32253
101 32253 32254
101 37345 37345
101 37345 37345
101 37345 37345
101 37345 37346
101 42446 42448
101 42448 42448
101 52790 52790
101 52790 52790
101 52791 52791
102 7552 7553
102 7553 7553
103 7619 7619
103 7619 7619
104 7627 7627
104 7627 7627
104 16186 16186
104 16187 16187
104 16187 16187
104 27962 27962
104 27964 27964
104 27964 27965
105 7630 7630
105 7630 7630
106 7631 7631
106 7631 7631
106 16187 16187
106 16188 16189
106 16188 16189
106 27963 27963
106 27965 27965
106 27965 27965
107 7631 7631
107 7631 7632
107 16188 16188
107 16189 16189
107 16189 16189
107 27963 27964
107 27965 27965
107 27965 27965
108 7632 7632
108 7632 7632
108 16187 16188
108 16189 16189
108 16189 16189
108 27963 27963
108 27965 27965
108 27965 27965
109 7632 7632
109 7632 7633
109 16188 16188
109 16189 16189
109 16189 16189
109 27964 27964
109 27965 27965
109 27965 27966
110 7647 7647
110 7647 7647
111 7652 7652
111 7652 7653
112 7653 7653
112 7653 7653
113 7653 7654
113 7653 7654
114 7654 7654
114 7654 7654
115 7686 7687
115 7687 7687
116 7716 7716
116 7716 7716
117 7717 7717
117 7717 7717
118 7717 7717
118 7717 7718
119 7719 7720
119 37091 37092
120 7719 7720
120 37092 37092
121 7721 7721
121 7721 7721
122 7722 7722
122 7722 7723
123 7723 7724
123 7724 7724
124 7725 7725
124 7725 7725
125 7726 7726
125 7726 7726
126 7745 7746
126 7745 7746
127 7748 7748
127 7748 7748
128 7753 7754
128 7754 7754
129 7754 7754
129 7754 7755
130 7755 7755
130 7755 7755
131 7757 7757
131 7757 7757
132 7758 7758
132 7758 7759
133 7759 7759
133 7759 7759
134 7760 7760
134 7760 7760
135 7787 7787
135 7787 7787
136 7788 7788
136 7788 7788
137 7789 7789
137 7789 7789
138 7790 7790
138 7790 7791
139 7791 7791
139 7791 7791
140 7791 7791
140 7791 7791
141 7795 7795
141 7795 7796
141 7795 7796
141 7796 7796
142 7796 7797
142 7796 7797
143 7797 7797
143 7797 7797
144 7798 7798
144 7798 7798
145 7800 7800
145 7800 7800
146 7814 7814
146 7814 7814
147 7815 7816
147 7816 7816
148 7816 7816
148 7816 7816
149 7816 7817
149 7817 7817
150 7817 7817
150 7817 7817
151 7817 7818
151 7817 7818
152 7818 7818
152 7818 7819
153 7819 7819
153 7819 7819
154 7835 7836
154 7836 7836
155 7845 7846
155 7846 7846
155 16186 16186
155 16187 16187
155 16187 16187
155 27962 27962
155 27964 27965
155 27965 27965
156 7857 7857
156 7857 7858
157 7858 7858
157 7858 7858
158 7938 7938
158 7938 7939
158 7938 7939
158 7941 7941
158 7941 7941
159 7940 7940
159 7940 7941
160 7991 7991
160 7991 7991
161 8025 8026
161 8026 8026
162 8026 8026
162 8026 8026
163 8033 8033
163 8033 8033
164 8034 8034
164 8034 8034
165 8035 8035
165 8035 8035
166 8036 8036
166 8036 8037
167 8037 8037
167 8037 8037
168 8094 8095
168 8095 8095
169 8164 8164
169 8164 8164
170 8301 8302
170 8301 8302
170 8301 8302
170 8302 8302
171 8306 8306
171 8306 8306
172 8450 8451
172 8451 8451
173 9467 9468
173 9468 9468
173 9468 9468
173 9469 9470
173 9484 9485
174 9485 9485
174 33096 33097
175 10289 10290
175 10290 10290
176 10316 10316
176 10316 10316
177 10317 10317
177 10317 10317
178 10376 10376
178 10376 10376
179 10377 10377
179 10377 10377
180 10388 10388
180 12579 12579
181 10394 10395
181 10395 10395
182 10430 10430
182 10430 10430
183 10470 10471
183 10471 10471
184 10507 10508
184 10508 10508
185 11741 11741
185 11741 11741
186 11826 11826
187 12350 12350
187 12350 12350
188 12404 12404
189 12546 12546
189 12546 12546
190 12579 12579
190 12603 12603
190 12603 12604
191 12660 12660
192 12762 12762
192 12762 12762
193 12853 12853
193 12853 12853
194 12928 12928
195 13062 13062
195 13062 13062
196 13172 13172
196 13172 13172
197 13227 13227
198 13292 13293
198 13292 13293
199 13345 13345
200 14673 14675
201 15340 15342
201 15340 15342
202 16159 16159
202 16159 16159
203 16223 16223
203 16223 16223
204 16227 16227
204 16227 16228
205 16228 16228
205 16228 16228
206 16229 16229
206 16229 16229
207 16229 16229
207 16229 16229
208 16323 16324
208 16324 16324
209 16348 16348
209 16348 16348
210 16572 16573
210 16572 16573
211 16581 16581
211 16581 16581
212 16582 16582
212 16582 16582
213 16583 16583
213 16583 16583
214 16584 16584
214 16584 16584
215 16594 16594
215 16594 16594
216 16595 16595
216 16595 16595
217 16596 16596
217 16596 16596
218 16596 16596
218 16596 16596
219 16598 16598
219 16598 16598
220 16598 16598
220 16598 16598
221 16604 16604
221 16604 16604
222 16605 16605
222 16605 16605
223 16606 16606
223 16606 16606
224 16606 16606
224 16606 16606
225 16607 16607
225 16607 16608
226 16611 16611
226 16611 16611
227 16612 16612
227 16612 16612
228 16615 16615
228 16615 16616
229 16617 16617
229 16617 16617
230 16617 16617
230 16617 16617
231 16618 16618
231 16618 16618
232 16623 16623
232 16623 16623
233 16624 16624
233 16624 16624
234 16625 16625
234 16625 16625
235 16625 16626
235 16625 16626
236 16628 16628
236 16628 16628
237 16629 16630
237 16630 16630
238 16632 16632
238 16632 16632
239 16633 16633
239 16633 16633
240 16662 16663
240 16663 16663
241 16680 16680
241 16680 16681
242 16886 16887
242 21184 21186
243 17041 17042
243 17041 17042
244 17047 17047
244 17047 17047
245 17047 17047
245 17047 17048
246 17161 17163
246 17161 17163
247 17167 17167
247 17167 17167
248 17168 17168
248 17168 17169
249 17175 17175
249 17175 17175
250 17177 17177
250 17177 17177
251 17186 17186
251 17186 17186
252 17186 17187
252 17186 17187
253 17192 17192
253 17192 17192
254 17216 17217
254 17217 17217
255 17636 17637
255 17636 17637
256 17637 17637
256 17637 17637
257 17639 17639
257 17639 17639
258 17641 17641
258 17641 17641
259 17643 17643
259 17643 17643
260 17648 17648
260 17648 17648
261 17649 17649
261 17649 17649
262 17650 17650
262 17650 17650
263 17651 17651
263 17651 17651
264 17651 17651
264 17651 17651
265 17652 17652
265 17652 17652
266 17653 17653
266 17653 17653
267 17653 17653
267 17653 17653
268 17654 17654
268 17654 17654
269 17655 17655
269 17655 17655
270 17655 17655
270 17655 17655
271 17655 17655
271 17655 17655
272 17661 17662
272 17661 17662
273 17665 17665
273 17665 17665
274 17668 17668
274 17668 17669
275 17669 17669
275 17669 17670
276 17675 17675
276 17675 17675
277 17677 17677
277 17677 17678
278 17678 17678
278 17678 17678
279 17679 17679
279 17679 17679
280 17686 17686
280 17686 17686
281 17687 17688
281 17688 17688
282 17688 17688
282 17688 17688
283 17689 17689
283 17689 17689
284 17690 17691
284 17691 17691
285 17691 17691
285 17691 17691
286 17691 17691
286 17691 17692
287 17696 17696
287 17696 17696
288 17697 17697
288 17697 17697
289 17698 17698
289 17698 17698
290 17701 17702
290 17702 17702
291 17702 17702
291 17702 17702
292 17703 17703
292 17703 17703
293 17704 17704
293 17704 17704
294 17719 17719
294 17719 17719
295 17719 17719
295 17719 17719
296 17720 17720
296 17720 17720
297 17720 17720
297 17720 17721
298 17721 17721
298 17721 17721
299 17724 17724
299 17724 17724
300 17725 17725
300 17725 17725
301 17725 17725
301 17725 17725
302 17740 17740
302 17740 17740
303 17743 17743
303 17743 17744
304 17767 17767
304 17767 17767
305 18407 18409
305 18407 18409
306 18408 18409
306 18408 18409
307 18631 18633
307 21184 21186
308 19024 19025
308 19024 19025
309 19817 19817
309 19817 19818
310 19870 19870
311 19975 19977
311 19976 19977
312 20609 20610
312 20609 20610
313 20957 20959
313 20957 20959
314 21259 21259
314 21259 21259
315 21300 21301
316 21864 21864
316 26868 26869
317 23289 23290
317 23289 23290
318 23387 23387
318 23387 23387
319 23452 23453
320 23561 23562
320 23561 23562
321 23617 23617
322 23774 23775
322 23774 23775
323 23831 23832
323 23832 23832
324 23832 23832
324 23832 23832
325 23840 23840
326 23904 23905
326 23905 23905
327 23980 23981
327 23980 23981
328 24072 24073
329 24105 24105
329 24105 24105
330 24125 24125
330 24126 24126
331 24185 24186
331 24185 24186
332 24185 24186
333 24312 24313
333 24312 24313
334 24365 24366
334 24366 24366
335 24419 24419
336 24501 24501
336 24501 24501
337 24549 24549
338 24685 24687
338 24686 24687
339 24742 24742
340 24937 24938
340 24937 24938
341 25023 25024
341 25023 25024
342 25078 25078
343 25371 25372
343 25371 25372
344 25421 25421
345 26436 26438
346 26868 26870
346 27163 27164
346 27163 27164
347 27937 27937
347 27937 27937
348 27998 27998
348 27998 27998
349 27999 27999
349 27999 27999
350 28004 28004
350 28004 28005
351 28005 28005
351 28005 28005
352 28005 28005
352 28005 28005
353 28032 28032
353 28032 28032
354 28062 28062
354 28062 28062
355 28063 28063
355 28063 28063
356 28063 28063
356 28063 28064
357 28064 28064
357 28064 28064
358 28068 28068
358 28068 28068
359 28071 28071
359 28071 28071
360 28072 28072
360 28072 28072
361 28073 28073
361 28073 28073
362 28073 28073
362 28073 28073
363 28074 28074
363 28074 28074
364 28074 28075
364 28075 28075
365 28076 28076
365 28076 28076
366 28076 28076
366 28077 28077
367 28077 28077
367 28077 28077
368 28077 28077
368 28077 28077
369 28077 28078
369 28078 28078
370 28078 28078
370 28078 28078
371 28085 28086
371 28086 28086
372 28086 28086
372 28086 28086
373 28095 28095
373 28095 28095
374 28097 28097
374 28097 28097
375 28099 28099
375 28099 28099
376 28107 28107
376 28107 28107
377 28108 28108
377 28108 28108
378 28109 28109
378 28109 28109
379 28123 28124
379 28124 28124
380 28124 28124
380 28124 28125
381 28125 28125
381 28125 28125
382 28132 28133
382 28133 28133
383 28133 28133
383 28133 28134
384 28164 28164
384 28164 28164
385 28276 28278
385 28277 28278
386 28311 28311
386 28311 28311
387 28337 28337
387 28337 28337
388 28394 28394
388 33188 33188
389 28494 28496
389 28494 28496
390 28560 28560
390 28560 28560
390 37841 37842
390 37964 37964
390 37964 37964
391 28579 28579
391 28579 28579
392 28586 28586
392 28586 28586
393 28587 28587
393 28587 28587
394 28592 28592
394 28592 28593
395 28598 28598
395 28598 28599
396 28604 28604
396 28604 28604
397 29527 29528
397 33188 33188
398 31695 31697
398 33188 33188
399 32254 32255
400 32719 32721
400 33188 33188
401 34221 34223
401 34222 34223
402 34305 34306
403 34306 34306
403 39311 39311
404 34482 34483
404 34482 34483
405 34595 34597
405 34596 34597
406 34719 34720
406 34719 34720
407 34809 34809
407 34809 34809
408 34833 34833
408 34833 34833
409 34891 34891
410 35153 35155
410 35154 35155
411 35155 35155
411 35155 35155
412 35204 35204
412 35204 35204
413 35274 35274
414 36050 36050
415 37055 37057
415 37055 37057
416 37250 37251
416 37250 37251
416 37250 37251
417 37250 37251
417 37250 37251
418 37251 37251
418 37251 37251
419 37251 37251
419 37251 37251
420 37252 37252
420 37252 37252
421 37252 37252
421 37252 37252
422 37252 37252
422 37252 37252
423 37253 37253
423 37253 37253
424 37254 37254
424 37254 37254
425 37254 37254
425 37254 37254
426 37254 37254
426 37254 37255
427 37310 37311
427 37311 37311
428 37311 37311
428 37311 37312
429 37586 37588
429 37586 37588
430 37586 37588
430 37586 37588
431 37808 37808
431 37808 37808
432 37808 37808
432 37808 37808
433 37815 37815
433 37815 37816
434 37828 37828
434 37828 37829
435 37829 37829
435 37829 37829
436 37830 37830
436 37830 37830
437 37835 37835
437 37835 37836
438 37836 37836
438 37836 37836
439 37836 37836
439 37836 37837
440 37837 37837
440 37837 37837
441 37837 37838
441 37838 37838
442 37838 37838
442 37838 37838
443 37839 37839
443 37839 37839
444 37839 37840
444 37840 37840
445 37840 37840
445 37840 37840
446 37841 37841
446 37841 37841
447 37841 37841
447 37841 37841
448 37842 37842
448 37842 37842
449 37842 37843
449 37843 37843
450 37843 37843
450 37843 37843
451 37845 37845
451 37845 37845
452 37846 37846
452 37846 37846
453 37849 37849
453 37849 37849
454 37852 37852
454 37852 37852
455 37853 37853
455 37853 37853
456 37854 37854
456 37854 37854
457 37855 37855
457 37855 37855
458 37855 37855
458 37855 37856
459 37856 37856
459 37856 37856
460 37856 37856
460 37856 37856
461 37857 37857
461 37857 37857
462 37857 37857
462 37857 37857
463 37858 37858
463 37858 37858
464 37858 37858
464 37858 37859
465 37859 37859
465 37859 37859
466 37859 37860
466 37860 37860
467 37860 37860
467 37860 37860
468 37860 37860
468 37860 37861
469 37860 37861
469 37860 37861
470 37873 37874
470 37874 37874
471 37874 37874
471 37874 37874
472 37898 37898
472 37898 37898
473 37899 37899
473 37899 37899
474 37899 37899
474 37899 37900
475 37904 37904
475 37904 37904
476 37904 37905
476 37905 37905
477 37905 37905
477 37905 37905
478 37906 37906
478 37906 37906
479 37907 37907
479 37907 37907
480 37909 37909
480 37909 37909
481 37909 37909
481 37909 37910
482 37910 37910
482 37910 37910
483 37911 37911
483 37911 37911
484 37912 37912
484 37912 37913
485 37913 37913
485 37913 37913
486 37914 37914
486 37914 37914
487 37916 37916
487 37916 37917
488 37917 37917
488 37917 37917
489 37918 37918
489 37918 37918
490 37919 37919
490 37919 37919
491 37920 37920
491 37920 37920
492 37920 37921
492 37921 37921
493 37921 37921
493 37921 37921
494 37922 37922
494 37922 37922
495 37922 37923
495 37923 37923
496 37923 37923
496 37923 37923
497 37924 37924
497 37924 37924
498 37924 37924
498 37924 37924
499 37925 37925
499 37925 37925
500 37926 37926
500 37926 37926
501 37937 37938
501 37938 37938
502 37938 37938
502 37938 37938
503 37939 37939
503 37939 37939
504 37939 37940
504 37940 37940
505 37950 37950
505 37950 37950
506 37951 37951
506 37951 37951
507 37963 37963
507 37963 37964
508 37984 37985
508 37985 37985
509 37997 37997
509 37997 37997
510 38026 38026
510 38026 38026
511 38027 38027
511 38027 38027
512 38028 38028
512 38028 38028
513 38028 38028
513 38028 38028
514 38029 38029
514 38029 38029
515 38070 38070
515 38070 38070
516 38070 38070
516 38070 38071
517 38099 38099
517 38099 38099
518 38100 38100
518 38100 38100
519 38101 38101
519 38101 38101
520 38101 38101
520 38101 38102
521 38102 38102
521 38102 38103
522 38104 38104
522 38104 38104
523 38108 38109
523 38109 38109
524 38111 38111
524 38111 38111
525 38113 38113
525 38113 38113
526 38114 38114
526 38114 38115
527 38115 38115
527 38115 38115
528 38115 38115
528 38115 38116
529 38116 38116
529 38116 38116
530 38116 38116
530 38116 38116
531 38116 38116
531 38116 38116
532 38116 38117
532 38117 38117
533 38117 38117
533 38117 38117
534 38117 38117
534 38117 38117
535 38117 38117
535 38117 38117
536 38117 38118
536 38118 38118
537 38123 38123
537 38123 38124
538 38125 38125
538 38125 38126
538 38126 38126
539 38128 38129
539 38129 38129
540 38131 38131
540 38131 38131
541 38134 38134
541 38134 38134
542 38136 38136
542 38136 38136
543 38141 38141
543 38141 38141
544 38141 38142
544 38141 38142
545 38147 38147
545 38147 38147
546 38148 38149
546 38149 38149
547 38150 38150
547 38150 38150
548 38150 38150
548 38150 38150
549 38150 38150
549 38150 38151
550 38152 38152
550 38152 38152
551 38153 38154
551 38154 38154
552 38490 38490
552 38490 38490
553 38520 38520
553 38520 38521
554 38538 38539
554 38539 38539
555 38785 38786
555 38785 38786
556 38815 38816
556 39311 39311
557 39008 39010
557 39008 39010
558 39311 39311
558 42578 42579
558 42578 42580
559 39311 39311
559 42579 42580
559 42579 42580
560 39311 39311
560 40325 40326
560 40325 40326
561 40093 40093
562 40094 40094
563 40475 40476
563 40475 40476
564 40483 40483
564 40483 40483
565 40485 40485
565 40485 40485
566 40486 40486
566 40486 40486
567 40645 40646
567 40645 40646
568 41358 41359
568 41358 41359
569 41652 41652
569 41652 41653
570 42103 42103
570 42103 42103
571 42219 42219
572 43160 43161
572 43161 43162
573 43170 43170
573 43170 43171
573 43173 43173
574 43231 43231
574 43231 43231
575 43311 43311
575 43311 43311
576 43369 43369
577 43632 43634
577 43633 43634
578 43633 43634
578 43633 43634
579 43730 43731
579 43731 43731
580 43807 43808
580 43807 43808
581 43935 43937
581 43936 43937
582 43986 43986
583 44231 44231
583 44231 44231
584 45078 45079
584 45078 45079
585 45188 45188
585 45188 45189
586 45542 45544
586 47036 47037
586 47036 47038
587 47826 47826
587 47826 47827
588 47828 47828
588 47828 47828
589 47828 47828
589 47828 47828
590 47831 47831
590 47831 47831
591 47835 47835
591 47835 47835
592 47837 47837
592 47837 47837
593 47837 47838
593 47838 47838
594 47838 47838
594 47838 47839
595 47839 47839
595 47839 47839
596 47839 47840
596 47840 47840
597 47840 47840
597 47840 47840
598 47842 47842
598 47842 47842
599 47843 47843
599 47843 47843
600 47844 47844
600 47844 47844
601 47844 47844
601 47844 47844
602 47844 47844
602 47844 47845
603 47845 47845
603 47845 47845
604 47845 47845
604 47845 47845
605 47851 47851
605 47851 47851
606 47851 47852
606 47852 47852
607 47852 47852
607 47852 47852
608 47853 47853
608 47853 47853
609 47853 47853
609 47853 47853
610 47858 47858
610 47858 47859
611 47859 47859
611 47859 47859
612 47864 47864
612 47864 47864
613 47865 47865
613 47865 47865
614 47865 47865
614 47865 47866
615 47866 47866
615 47866 47866
616 47866 47866
616 47866 47866
617 48049 48049
617 48049 48050
618 48086 48086
618 48086 48086
619 48155 48156
619 48155 48156
620 48546 48547
620 48546 48547
621 48689 48692
621 48689 48692
622 51000 51001
623 51001 51001
623 53007 53008
624 51583 51585
